{
 "cells": [
  {
   "cell_type": "markdown",
   "metadata": {},
   "source": [
    "# Training"
   ]
  },
  {
   "cell_type": "code",
   "execution_count": 1,
   "metadata": {
    "id": "Fm9tSW7-FFyf"
   },
   "outputs": [],
   "source": [
    "from bot import Plankton, ExportPlankton\n",
    "from dataset import ChessPlaying\n",
    "\n",
    "import torch\n",
    "from tqdm import tqdm\n",
    "from torch.optim import Adam\n",
    "from torch.nn import functional as F\n",
    "\n",
    "from matplotlib import pyplot as plt"
   ]
  },
  {
   "cell_type": "code",
   "execution_count": 2,
   "metadata": {},
   "outputs": [
    {
     "name": "stdout",
     "output_type": "stream",
     "text": [
      "1 142 0 False True True\n",
      "2 263 0 False True True\n",
      "3 329 0 False True True\n",
      "4 413 0 False True True\n",
      "5 568 0 False True True\n",
      "6 707 0 False True True\n",
      "7 836 0 False True True\n",
      "8 1031 0 False False True\n",
      "9 1124 0 False True True\n",
      "10 1277 0 False True True\n",
      "11 1414 0 False True True\n",
      "12 1414 144 True False False\n"
     ]
    },
    {
     "data": {
      "text/plain": [
       "([tensor([[0.0291, 0.0415, 0.0564, 0.0491, 0.0867, 0.2314, 0.1012, 0.4046],\n",
       "          [0.0919, 0.0946, 0.3066, 0.0189, 0.1378, 0.0866, 0.2440, 0.0195],\n",
       "          [0.4323, 0.2080, 0.0560, 0.1583, 0.0370, 0.0737, 0.0124, 0.0224],\n",
       "          [0.1733, 0.0804, 0.0900, 0.0640, 0.0594, 0.0896, 0.0670, 0.3763]],\n",
       "         dtype=torch.float64, grad_fn=<StackBackward0>),\n",
       "  tensor([[0.0299, 0.0469, 0.0528, 0.0602, 0.1179, 0.2456, 0.1210, 0.3258],\n",
       "          [0.1030, 0.0816, 0.2762, 0.0230, 0.1058, 0.1173, 0.2522, 0.0410],\n",
       "          [0.3160, 0.1984, 0.0707, 0.2449, 0.0520, 0.0777, 0.0193, 0.0211],\n",
       "          [0.2679, 0.0644, 0.0798, 0.0701, 0.0601, 0.0591, 0.1100, 0.2885]],\n",
       "         dtype=torch.float64, grad_fn=<StackBackward0>),\n",
       "  tensor([[0.0508, 0.0412, 0.0644, 0.0781, 0.0832, 0.2723, 0.0880, 0.3220],\n",
       "          [0.0724, 0.1187, 0.3449, 0.0272, 0.1353, 0.1080, 0.1601, 0.0335],\n",
       "          [0.4027, 0.1866, 0.0461, 0.2060, 0.0403, 0.0774, 0.0162, 0.0245],\n",
       "          [0.1808, 0.0836, 0.0778, 0.0777, 0.0547, 0.1035, 0.0587, 0.3633]],\n",
       "         dtype=torch.float64, grad_fn=<StackBackward0>),\n",
       "  tensor([[0.0488, 0.0302, 0.0591, 0.0528, 0.0607, 0.2471, 0.1230, 0.3783],\n",
       "          [0.0666, 0.1024, 0.3170, 0.0295, 0.2054, 0.1252, 0.1315, 0.0225],\n",
       "          [0.3293, 0.2732, 0.0419, 0.2108, 0.0228, 0.0877, 0.0106, 0.0237],\n",
       "          [0.1754, 0.0950, 0.0597, 0.0529, 0.0539, 0.1276, 0.0459, 0.3896]],\n",
       "         dtype=torch.float64, grad_fn=<StackBackward0>),\n",
       "  tensor([[0.0358, 0.0447, 0.0497, 0.0607, 0.1166, 0.2651, 0.1188, 0.3088],\n",
       "          [0.1038, 0.0730, 0.3161, 0.0223, 0.1153, 0.0914, 0.2553, 0.0229],\n",
       "          [0.3798, 0.1681, 0.0519, 0.2043, 0.0639, 0.0853, 0.0219, 0.0249],\n",
       "          [0.2114, 0.0787, 0.0732, 0.0931, 0.0693, 0.0886, 0.0716, 0.3141]],\n",
       "         dtype=torch.float64, grad_fn=<StackBackward0>),\n",
       "  tensor([[0.0191, 0.0591, 0.0409, 0.0505, 0.1122, 0.2166, 0.0737, 0.4280],\n",
       "          [0.0965, 0.0777, 0.3575, 0.0165, 0.1053, 0.0581, 0.2548, 0.0335],\n",
       "          [0.4933, 0.2170, 0.0372, 0.1179, 0.0336, 0.0642, 0.0159, 0.0208],\n",
       "          [0.1966, 0.0762, 0.1022, 0.0604, 0.0634, 0.0641, 0.0675, 0.3696]],\n",
       "         dtype=torch.float64, grad_fn=<StackBackward0>),\n",
       "  tensor([[0.0335, 0.0390, 0.0504, 0.0547, 0.1039, 0.2865, 0.1271, 0.3050],\n",
       "          [0.0806, 0.0746, 0.3386, 0.0185, 0.1358, 0.0988, 0.2351, 0.0180],\n",
       "          [0.3483, 0.1786, 0.0684, 0.2382, 0.0667, 0.0615, 0.0186, 0.0196],\n",
       "          [0.1946, 0.0736, 0.0683, 0.0670, 0.0575, 0.0861, 0.0869, 0.3660]],\n",
       "         dtype=torch.float64, grad_fn=<StackBackward0>),\n",
       "  tensor([[0.0279, 0.0410, 0.0461, 0.0460, 0.0854, 0.2303, 0.1079, 0.4154],\n",
       "          [0.0899, 0.0908, 0.3188, 0.0246, 0.1539, 0.0891, 0.2101, 0.0227],\n",
       "          [0.3888, 0.2410, 0.0502, 0.1515, 0.0301, 0.0938, 0.0150, 0.0296],\n",
       "          [0.1952, 0.0893, 0.0753, 0.0683, 0.0646, 0.0970, 0.0615, 0.3487]],\n",
       "         dtype=torch.float64, grad_fn=<StackBackward0>),\n",
       "  tensor([[0.0230, 0.0575, 0.0415, 0.0392, 0.1336, 0.2045, 0.0835, 0.4172],\n",
       "          [0.0945, 0.0780, 0.3242, 0.0192, 0.1044, 0.0571, 0.2886, 0.0341],\n",
       "          [0.4935, 0.2182, 0.0385, 0.1050, 0.0352, 0.0655, 0.0195, 0.0246],\n",
       "          [0.2105, 0.0867, 0.1040, 0.0744, 0.0649, 0.0601, 0.0690, 0.3305]],\n",
       "         dtype=torch.float64, grad_fn=<StackBackward0>),\n",
       "  tensor([[0.0313, 0.0683, 0.0490, 0.0437, 0.1439, 0.2058, 0.0872, 0.3709],\n",
       "          [0.1030, 0.0817, 0.2931, 0.0235, 0.1207, 0.0623, 0.2734, 0.0424],\n",
       "          [0.4292, 0.2201, 0.0459, 0.1278, 0.0471, 0.0684, 0.0304, 0.0311],\n",
       "          [0.2015, 0.0943, 0.0968, 0.0744, 0.0655, 0.0672, 0.0816, 0.3186]],\n",
       "         dtype=torch.float64, grad_fn=<StackBackward0>),\n",
       "  tensor([[0.0294, 0.0448, 0.0461, 0.0744, 0.0996, 0.2477, 0.1007, 0.3573],\n",
       "          [0.0966, 0.0855, 0.3343, 0.0193, 0.0975, 0.1033, 0.2287, 0.0349],\n",
       "          [0.3884, 0.1935, 0.0520, 0.2084, 0.0438, 0.0772, 0.0158, 0.0208],\n",
       "          [0.2436, 0.0620, 0.0855, 0.0658, 0.0611, 0.0712, 0.0902, 0.3207]],\n",
       "         dtype=torch.float64, grad_fn=<StackBackward0>),\n",
       "  tensor([[0.0178, 0.0475, 0.0314, 0.0356, 0.1499, 0.2885, 0.0793, 0.3500],\n",
       "          [0.1120, 0.0581, 0.3023, 0.0132, 0.0945, 0.0521, 0.3427, 0.0252],\n",
       "          [0.5107, 0.1541, 0.0383, 0.1346, 0.0685, 0.0545, 0.0221, 0.0173],\n",
       "          [0.1947, 0.0688, 0.1010, 0.0847, 0.0670, 0.0506, 0.0880, 0.3451]],\n",
       "         dtype=torch.float64, grad_fn=<StackBackward0>),\n",
       "  tensor([[0.0404, 0.0654, 0.0527, 0.0596, 0.1143, 0.2388, 0.0893, 0.3394],\n",
       "          [0.0822, 0.0964, 0.3231, 0.0339, 0.1096, 0.0952, 0.2007, 0.0588],\n",
       "          [0.3622, 0.2498, 0.0463, 0.1465, 0.0430, 0.0875, 0.0269, 0.0379],\n",
       "          [0.2265, 0.0863, 0.0820, 0.0704, 0.0752, 0.0954, 0.0821, 0.2820]],\n",
       "         dtype=torch.float64, grad_fn=<StackBackward0>),\n",
       "  tensor([[0.0529, 0.0347, 0.0639, 0.0442, 0.0718, 0.2251, 0.1339, 0.3736],\n",
       "          [0.0850, 0.0787, 0.2569, 0.0294, 0.2415, 0.1192, 0.1615, 0.0277],\n",
       "          [0.2946, 0.3001, 0.0406, 0.2317, 0.0309, 0.0669, 0.0117, 0.0235],\n",
       "          [0.1652, 0.0993, 0.0525, 0.0400, 0.0439, 0.1036, 0.0462, 0.4492]],\n",
       "         dtype=torch.float64, grad_fn=<StackBackward0>),\n",
       "  tensor([[0.0389, 0.0731, 0.0611, 0.0501, 0.1566, 0.2246, 0.0989, 0.2968],\n",
       "          [0.0926, 0.0732, 0.2343, 0.0237, 0.1389, 0.0801, 0.3154, 0.0419],\n",
       "          [0.3572, 0.1489, 0.0716, 0.2032, 0.0833, 0.0633, 0.0431, 0.0295],\n",
       "          [0.1780, 0.0802, 0.0874, 0.0955, 0.0558, 0.0546, 0.1037, 0.3447]],\n",
       "         dtype=torch.float64, grad_fn=<StackBackward0>),\n",
       "  tensor([[0.0346, 0.0438, 0.0702, 0.0416, 0.0733, 0.2055, 0.1193, 0.4118],\n",
       "          [0.0725, 0.1077, 0.2844, 0.0268, 0.1919, 0.1327, 0.1617, 0.0223],\n",
       "          [0.3258, 0.2632, 0.0603, 0.2167, 0.0354, 0.0629, 0.0133, 0.0224],\n",
       "          [0.1819, 0.0879, 0.0587, 0.0542, 0.0456, 0.1055, 0.0575, 0.4086]],\n",
       "         dtype=torch.float64, grad_fn=<StackBackward0>),\n",
       "  tensor([[0.0351, 0.0722, 0.0524, 0.0560, 0.1302, 0.2013, 0.0871, 0.3657],\n",
       "          [0.1009, 0.0855, 0.3197, 0.0283, 0.1160, 0.0651, 0.2338, 0.0507],\n",
       "          [0.4336, 0.2324, 0.0391, 0.1245, 0.0442, 0.0689, 0.0259, 0.0313],\n",
       "          [0.1930, 0.0937, 0.0896, 0.0689, 0.0665, 0.0802, 0.0686, 0.3394]],\n",
       "         dtype=torch.float64, grad_fn=<StackBackward0>),\n",
       "  tensor([[0.0388, 0.0454, 0.0527, 0.0725, 0.1057, 0.2667, 0.1000, 0.3182],\n",
       "          [0.0801, 0.0732, 0.4048, 0.0219, 0.1212, 0.0708, 0.2060, 0.0220],\n",
       "          [0.4138, 0.1941, 0.0437, 0.1688, 0.0412, 0.0849, 0.0221, 0.0314],\n",
       "          [0.2007, 0.0750, 0.0619, 0.0861, 0.0623, 0.0846, 0.0589, 0.3705]],\n",
       "         dtype=torch.float64, grad_fn=<StackBackward0>),\n",
       "  tensor([[0.0619, 0.0371, 0.0697, 0.0588, 0.0727, 0.2304, 0.1088, 0.3606],\n",
       "          [0.0923, 0.1229, 0.2716, 0.0357, 0.1569, 0.1277, 0.1623, 0.0306],\n",
       "          [0.3797, 0.2298, 0.0525, 0.1760, 0.0328, 0.0899, 0.0125, 0.0269],\n",
       "          [0.1550, 0.0961, 0.0972, 0.0634, 0.0612, 0.1208, 0.0529, 0.3534]],\n",
       "         dtype=torch.float64, grad_fn=<StackBackward0>),\n",
       "  tensor([[0.0296, 0.0636, 0.0455, 0.0488, 0.1408, 0.2054, 0.0899, 0.3765],\n",
       "          [0.0941, 0.0816, 0.3324, 0.0233, 0.1036, 0.0621, 0.2609, 0.0419],\n",
       "          [0.4810, 0.2193, 0.0365, 0.1050, 0.0394, 0.0694, 0.0222, 0.0271],\n",
       "          [0.2093, 0.0905, 0.0961, 0.0781, 0.0712, 0.0719, 0.0708, 0.3122]],\n",
       "         dtype=torch.float64, grad_fn=<StackBackward0>),\n",
       "  tensor([[0.0199, 0.0438, 0.0417, 0.0416, 0.1242, 0.2940, 0.0853, 0.3495],\n",
       "          [0.0845, 0.0612, 0.3604, 0.0114, 0.1153, 0.0550, 0.2937, 0.0185],\n",
       "          [0.5093, 0.1434, 0.0450, 0.1586, 0.0653, 0.0463, 0.0178, 0.0143],\n",
       "          [0.1688, 0.0660, 0.0906, 0.0704, 0.0512, 0.0567, 0.0743, 0.4219]],\n",
       "         dtype=torch.float64, grad_fn=<StackBackward0>),\n",
       "  tensor([[0.0155, 0.0480, 0.0369, 0.0383, 0.1133, 0.2007, 0.0914, 0.4559],\n",
       "          [0.0967, 0.0641, 0.3592, 0.0156, 0.1114, 0.0559, 0.2721, 0.0250],\n",
       "          [0.4725, 0.2226, 0.0400, 0.1286, 0.0328, 0.0656, 0.0163, 0.0215],\n",
       "          [0.2397, 0.0754, 0.0892, 0.0751, 0.0659, 0.0641, 0.0705, 0.3201]],\n",
       "         dtype=torch.float64, grad_fn=<StackBackward0>),\n",
       "  tensor([[0.0337, 0.0413, 0.0552, 0.0551, 0.0834, 0.2290, 0.0991, 0.4032],\n",
       "          [0.0963, 0.1017, 0.2974, 0.0226, 0.1335, 0.0933, 0.2314, 0.0238],\n",
       "          [0.4159, 0.2237, 0.0517, 0.1512, 0.0335, 0.0864, 0.0123, 0.0253],\n",
       "          [0.1732, 0.0875, 0.0965, 0.0591, 0.0665, 0.1001, 0.0667, 0.3504]],\n",
       "         dtype=torch.float64, grad_fn=<StackBackward0>),\n",
       "  tensor([[0.0209, 0.0601, 0.0417, 0.0388, 0.1383, 0.2186, 0.0759, 0.4057],\n",
       "          [0.0973, 0.0660, 0.3358, 0.0171, 0.1095, 0.0511, 0.2857, 0.0376],\n",
       "          [0.4832, 0.1987, 0.0408, 0.1184, 0.0439, 0.0632, 0.0273, 0.0244],\n",
       "          [0.2129, 0.0812, 0.1070, 0.0825, 0.0678, 0.0517, 0.0739, 0.3229]],\n",
       "         dtype=torch.float64, grad_fn=<StackBackward0>),\n",
       "  tensor([[0.0230, 0.0695, 0.0415, 0.0442, 0.1575, 0.2631, 0.1049, 0.2963],\n",
       "          [0.1064, 0.0621, 0.2284, 0.0175, 0.1031, 0.0696, 0.3788, 0.0341],\n",
       "          [0.3806, 0.1314, 0.0744, 0.2116, 0.0858, 0.0629, 0.0350, 0.0183],\n",
       "          [0.2125, 0.0664, 0.0978, 0.1028, 0.0627, 0.0456, 0.1123, 0.2999]],\n",
       "         dtype=torch.float64, grad_fn=<StackBackward0>),\n",
       "  tensor([[0.0523, 0.0336, 0.0473, 0.0532, 0.1059, 0.2916, 0.1295, 0.2867],\n",
       "          [0.1076, 0.0631, 0.3197, 0.0258, 0.1358, 0.1046, 0.2243, 0.0191],\n",
       "          [0.3440, 0.2013, 0.0417, 0.2140, 0.0535, 0.0979, 0.0190, 0.0286],\n",
       "          [0.2064, 0.0843, 0.0631, 0.0866, 0.0689, 0.1057, 0.0538, 0.3312]],\n",
       "         dtype=torch.float64, grad_fn=<StackBackward0>),\n",
       "  tensor([[0.0170, 0.0470, 0.0406, 0.0392, 0.1044, 0.1921, 0.0895, 0.4701],\n",
       "          [0.0774, 0.0727, 0.3997, 0.0156, 0.1252, 0.0584, 0.2261, 0.0248],\n",
       "          [0.4744, 0.2227, 0.0382, 0.1367, 0.0282, 0.0632, 0.0155, 0.0211],\n",
       "          [0.2248, 0.0758, 0.0715, 0.0742, 0.0571, 0.0668, 0.0622, 0.3676]],\n",
       "         dtype=torch.float64, grad_fn=<StackBackward0>),\n",
       "  tensor([[0.0210, 0.0705, 0.0425, 0.0367, 0.1433, 0.2244, 0.0714, 0.3903],\n",
       "          [0.1002, 0.0901, 0.2812, 0.0231, 0.1054, 0.0668, 0.2870, 0.0463],\n",
       "          [0.4315, 0.1989, 0.0502, 0.1455, 0.0619, 0.0601, 0.0281, 0.0238],\n",
       "          [0.1957, 0.0898, 0.1102, 0.0789, 0.0596, 0.0553, 0.0909, 0.3197]],\n",
       "         dtype=torch.float64, grad_fn=<StackBackward0>),\n",
       "  tensor([[0.0223, 0.0512, 0.0444, 0.0454, 0.0952, 0.2524, 0.1040, 0.3852],\n",
       "          [0.0894, 0.0902, 0.2998, 0.0228, 0.1078, 0.1072, 0.2578, 0.0250],\n",
       "          [0.3408, 0.2072, 0.0681, 0.2269, 0.0529, 0.0676, 0.0164, 0.0201],\n",
       "          [0.2370, 0.0710, 0.0781, 0.0714, 0.0498, 0.0698, 0.0803, 0.3426]],\n",
       "         dtype=torch.float64, grad_fn=<StackBackward0>),\n",
       "  tensor([[0.0236, 0.0580, 0.0391, 0.0395, 0.1404, 0.2304, 0.0879, 0.3811],\n",
       "          [0.1099, 0.0870, 0.2716, 0.0223, 0.1020, 0.0720, 0.2956, 0.0395],\n",
       "          [0.4393, 0.2255, 0.0451, 0.1234, 0.0503, 0.0717, 0.0199, 0.0248],\n",
       "          [0.2131, 0.0893, 0.1013, 0.0678, 0.0693, 0.0679, 0.0921, 0.2992]],\n",
       "         dtype=torch.float64, grad_fn=<StackBackward0>),\n",
       "  tensor([[0.0185, 0.0405, 0.0354, 0.0345, 0.1034, 0.2102, 0.1218, 0.4357],\n",
       "          [0.0944, 0.0638, 0.3114, 0.0164, 0.1186, 0.0765, 0.3014, 0.0176],\n",
       "          [0.4073, 0.2224, 0.0509, 0.1709, 0.0371, 0.0740, 0.0155, 0.0219],\n",
       "          [0.2543, 0.0744, 0.0703, 0.0734, 0.0593, 0.0700, 0.0737, 0.3247]],\n",
       "         dtype=torch.float64, grad_fn=<StackBackward0>),\n",
       "  tensor([[0.0196, 0.0483, 0.0352, 0.0326, 0.1105, 0.2609, 0.0849, 0.4080],\n",
       "          [0.0926, 0.0797, 0.2806, 0.0172, 0.1108, 0.0793, 0.3123, 0.0276],\n",
       "          [0.4152, 0.2453, 0.0547, 0.1419, 0.0399, 0.0660, 0.0149, 0.0222],\n",
       "          [0.2200, 0.0711, 0.0887, 0.0562, 0.0549, 0.0615, 0.0936, 0.3539]],\n",
       "         dtype=torch.float64, grad_fn=<StackBackward0>)],\n",
       " [tensor([[0.0158, 0.0589, 0.0420, 0.0357, 0.1433, 0.2012, 0.0755, 0.4275],\n",
       "          [0.0898, 0.0680, 0.3532, 0.0152, 0.1102, 0.0491, 0.2794, 0.0351],\n",
       "          [0.4864, 0.2125, 0.0388, 0.1291, 0.0427, 0.0502, 0.0210, 0.0193],\n",
       "          [0.2184, 0.0781, 0.0974, 0.0749, 0.0579, 0.0499, 0.0848, 0.3385]],\n",
       "         dtype=torch.float64, grad_fn=<StackBackward0>),\n",
       "  tensor([[0.0151, 0.0574, 0.0372, 0.0366, 0.1298, 0.2077, 0.0656, 0.4506],\n",
       "          [0.0902, 0.0661, 0.3662, 0.0141, 0.1077, 0.0447, 0.2746, 0.0364],\n",
       "          [0.5140, 0.2142, 0.0331, 0.1154, 0.0355, 0.0514, 0.0182, 0.0183],\n",
       "          [0.2067, 0.0755, 0.1043, 0.0663, 0.0600, 0.0497, 0.0729, 0.3645]],\n",
       "         dtype=torch.float64, grad_fn=<StackBackward0>),\n",
       "  tensor([[0.0314, 0.0496, 0.0671, 0.0627, 0.0675, 0.2280, 0.0805, 0.4132],\n",
       "          [0.0782, 0.1348, 0.2741, 0.0279, 0.1396, 0.1243, 0.1827, 0.0385],\n",
       "          [0.3318, 0.2637, 0.0779, 0.1793, 0.0295, 0.0735, 0.0145, 0.0299],\n",
       "          [0.1798, 0.0780, 0.1075, 0.0427, 0.0523, 0.0723, 0.0781, 0.3892]],\n",
       "         dtype=torch.float64, grad_fn=<StackBackward0>),\n",
       "  tensor([[0.0264, 0.0497, 0.0546, 0.0463, 0.0847, 0.2889, 0.0910, 0.3584],\n",
       "          [0.0835, 0.1056, 0.3028, 0.0218, 0.1372, 0.0997, 0.2231, 0.0262],\n",
       "          [0.3794, 0.2096, 0.0764, 0.1786, 0.0526, 0.0624, 0.0182, 0.0228],\n",
       "          [0.1749, 0.0760, 0.1003, 0.0517, 0.0550, 0.0714, 0.0717, 0.3988]],\n",
       "         dtype=torch.float64, grad_fn=<StackBackward0>),\n",
       "  tensor([[0.0159, 0.0620, 0.0320, 0.0349, 0.1456, 0.2239, 0.0870, 0.3987],\n",
       "          [0.1035, 0.0611, 0.2711, 0.0155, 0.0870, 0.0571, 0.3688, 0.0358],\n",
       "          [0.4295, 0.1744, 0.0498, 0.1839, 0.0621, 0.0607, 0.0234, 0.0162],\n",
       "          [0.2248, 0.0664, 0.0979, 0.0782, 0.0619, 0.0448, 0.1090, 0.3169]],\n",
       "         dtype=torch.float64, grad_fn=<StackBackward0>),\n",
       "  tensor([[0.0184, 0.0452, 0.0279, 0.0438, 0.1258, 0.3038, 0.0845, 0.3506],\n",
       "          [0.1089, 0.0574, 0.3242, 0.0132, 0.0815, 0.0511, 0.3395, 0.0243],\n",
       "          [0.5081, 0.1860, 0.0388, 0.1212, 0.0481, 0.0669, 0.0149, 0.0160],\n",
       "          [0.2002, 0.0630, 0.1137, 0.0582, 0.0732, 0.0556, 0.0840, 0.3521]],\n",
       "         dtype=torch.float64, grad_fn=<StackBackward0>),\n",
       "  tensor([[0.0120, 0.0496, 0.0340, 0.0282, 0.1502, 0.2114, 0.0656, 0.4490],\n",
       "          [0.0993, 0.0559, 0.3357, 0.0107, 0.1071, 0.0402, 0.3220, 0.0292],\n",
       "          [0.5356, 0.1903, 0.0329, 0.1187, 0.0435, 0.0455, 0.0179, 0.0156],\n",
       "          [0.2106, 0.0728, 0.1079, 0.0737, 0.0585, 0.0431, 0.0855, 0.3480]],\n",
       "         dtype=torch.float64, grad_fn=<StackBackward0>),\n",
       "  tensor([[0.0169, 0.0604, 0.0362, 0.0368, 0.1358, 0.2099, 0.0673, 0.4367],\n",
       "          [0.0929, 0.0740, 0.3484, 0.0166, 0.0977, 0.0488, 0.2810, 0.0406],\n",
       "          [0.5131, 0.2201, 0.0330, 0.1055, 0.0361, 0.0547, 0.0183, 0.0193],\n",
       "          [0.2099, 0.0813, 0.1088, 0.0670, 0.0630, 0.0529, 0.0749, 0.3421]],\n",
       "         dtype=torch.float64, grad_fn=<StackBackward0>),\n",
       "  tensor([[0.0618, 0.0319, 0.0637, 0.0566, 0.0598, 0.2001, 0.1326, 0.3936],\n",
       "          [0.0964, 0.0982, 0.2586, 0.0367, 0.2124, 0.1240, 0.1489, 0.0247],\n",
       "          [0.3217, 0.2783, 0.0497, 0.1750, 0.0236, 0.1068, 0.0120, 0.0329],\n",
       "          [0.1529, 0.0955, 0.0859, 0.0486, 0.0666, 0.1352, 0.0494, 0.3658]],\n",
       "         dtype=torch.float64, grad_fn=<StackBackward0>),\n",
       "  tensor([[0.0444, 0.0368, 0.0678, 0.0520, 0.0657, 0.2154, 0.1248, 0.3932],\n",
       "          [0.0707, 0.1044, 0.3002, 0.0299, 0.2069, 0.1158, 0.1493, 0.0228],\n",
       "          [0.3336, 0.2691, 0.0533, 0.1900, 0.0266, 0.0856, 0.0133, 0.0285],\n",
       "          [0.1700, 0.0912, 0.0641, 0.0553, 0.0554, 0.1154, 0.0534, 0.3953]],\n",
       "         dtype=torch.float64, grad_fn=<StackBackward0>),\n",
       "  tensor([[0.0173, 0.0614, 0.0365, 0.0353, 0.1410, 0.2073, 0.0680, 0.4332],\n",
       "          [0.0944, 0.0757, 0.3308, 0.0165, 0.0977, 0.0501, 0.2951, 0.0397],\n",
       "          [0.5168, 0.2091, 0.0342, 0.1097, 0.0403, 0.0525, 0.0190, 0.0186],\n",
       "          [0.2072, 0.0820, 0.1098, 0.0702, 0.0612, 0.0531, 0.0785, 0.3378]],\n",
       "         dtype=torch.float64, grad_fn=<StackBackward0>),\n",
       "  tensor([[0.0173, 0.0632, 0.0356, 0.0425, 0.1351, 0.2572, 0.0918, 0.3573],\n",
       "          [0.0901, 0.0608, 0.2597, 0.0140, 0.1053, 0.0671, 0.3684, 0.0347],\n",
       "          [0.3974, 0.1594, 0.0609, 0.2243, 0.0647, 0.0540, 0.0245, 0.0148],\n",
       "          [0.2218, 0.0587, 0.0865, 0.0706, 0.0511, 0.0382, 0.1129, 0.3601]],\n",
       "         dtype=torch.float64, grad_fn=<StackBackward0>),\n",
       "  tensor([[0.0391, 0.0297, 0.0628, 0.0485, 0.0693, 0.2256, 0.1498, 0.3752],\n",
       "          [0.0737, 0.0896, 0.3292, 0.0234, 0.2011, 0.1029, 0.1668, 0.0133],\n",
       "          [0.3523, 0.2441, 0.0588, 0.1976, 0.0267, 0.0847, 0.0114, 0.0243],\n",
       "          [0.1755, 0.0872, 0.0630, 0.0611, 0.0552, 0.1130, 0.0553, 0.3898]],\n",
       "         dtype=torch.float64, grad_fn=<StackBackward0>),\n",
       "  tensor([[0.0256, 0.0550, 0.0508, 0.0391, 0.0744, 0.2342, 0.0798, 0.4410],\n",
       "          [0.0679, 0.1243, 0.2575, 0.0260, 0.1579, 0.1479, 0.1731, 0.0452],\n",
       "          [0.2772, 0.3377, 0.0613, 0.2038, 0.0336, 0.0511, 0.0141, 0.0212],\n",
       "          [0.2151, 0.0810, 0.0703, 0.0328, 0.0437, 0.0736, 0.0848, 0.3986]],\n",
       "         dtype=torch.float64, grad_fn=<StackBackward0>),\n",
       "  tensor([[0.0158, 0.0589, 0.0420, 0.0357, 0.1433, 0.2012, 0.0755, 0.4275],\n",
       "          [0.0898, 0.0680, 0.3532, 0.0152, 0.1102, 0.0491, 0.2794, 0.0351],\n",
       "          [0.4864, 0.2125, 0.0388, 0.1291, 0.0427, 0.0502, 0.0210, 0.0193],\n",
       "          [0.2184, 0.0781, 0.0974, 0.0749, 0.0579, 0.0499, 0.0848, 0.3385]],\n",
       "         dtype=torch.float64, grad_fn=<StackBackward0>),\n",
       "  tensor([[0.0222, 0.0549, 0.0417, 0.0371, 0.1337, 0.2049, 0.0866, 0.4190],\n",
       "          [0.0979, 0.0752, 0.3161, 0.0186, 0.1139, 0.0576, 0.2880, 0.0327],\n",
       "          [0.4772, 0.2192, 0.0408, 0.1131, 0.0367, 0.0666, 0.0207, 0.0258],\n",
       "          [0.2130, 0.0864, 0.0995, 0.0751, 0.0648, 0.0598, 0.0725, 0.3289]],\n",
       "         dtype=torch.float64, grad_fn=<StackBackward0>),\n",
       "  tensor([[0.0267, 0.0473, 0.0554, 0.0337, 0.0800, 0.2058, 0.1030, 0.4481],\n",
       "          [0.0908, 0.1010, 0.2524, 0.0235, 0.1811, 0.1136, 0.2097, 0.0279],\n",
       "          [0.3300, 0.3012, 0.0696, 0.1569, 0.0316, 0.0660, 0.0152, 0.0295],\n",
       "          [0.1999, 0.0853, 0.0855, 0.0427, 0.0526, 0.0798, 0.0783, 0.3760]],\n",
       "         dtype=torch.float64, grad_fn=<StackBackward0>),\n",
       "  tensor([[0.0410, 0.0333, 0.0707, 0.0522, 0.0730, 0.2205, 0.1468, 0.3626],\n",
       "          [0.0722, 0.0961, 0.3256, 0.0246, 0.1920, 0.1053, 0.1691, 0.0150],\n",
       "          [0.3590, 0.2304, 0.0602, 0.1997, 0.0298, 0.0833, 0.0126, 0.0249],\n",
       "          [0.1789, 0.0864, 0.0623, 0.0689, 0.0541, 0.1103, 0.0548, 0.3842]],\n",
       "         dtype=torch.float64, grad_fn=<StackBackward0>),\n",
       "  tensor([[0.0411, 0.0454, 0.0633, 0.0662, 0.0668, 0.2392, 0.0725, 0.4054],\n",
       "          [0.0526, 0.1473, 0.2951, 0.0301, 0.1547, 0.1342, 0.1342, 0.0518],\n",
       "          [0.3340, 0.2981, 0.0475, 0.1853, 0.0233, 0.0699, 0.0139, 0.0279],\n",
       "          [0.1847, 0.0960, 0.0784, 0.0396, 0.0515, 0.0902, 0.0644, 0.3952]],\n",
       "         dtype=torch.float64, grad_fn=<StackBackward0>),\n",
       "  tensor([[0.0190, 0.0414, 0.0446, 0.0374, 0.0583, 0.2360, 0.0796, 0.4837],\n",
       "          [0.0669, 0.1162, 0.2781, 0.0205, 0.1756, 0.1210, 0.1941, 0.0277],\n",
       "          [0.3111, 0.3225, 0.0601, 0.1957, 0.0236, 0.0568, 0.0107, 0.0195],\n",
       "          [0.1911, 0.0824, 0.0772, 0.0316, 0.0457, 0.0699, 0.0678, 0.4343]],\n",
       "         dtype=torch.float64, grad_fn=<StackBackward0>),\n",
       "  tensor([[0.0165, 0.0413, 0.0448, 0.0395, 0.0578, 0.2405, 0.0807, 0.4789],\n",
       "          [0.0721, 0.1041, 0.2930, 0.0183, 0.1725, 0.1067, 0.2090, 0.0243],\n",
       "          [0.3403, 0.2803, 0.0677, 0.1929, 0.0255, 0.0607, 0.0115, 0.0211],\n",
       "          [0.1851, 0.0699, 0.0821, 0.0360, 0.0461, 0.0640, 0.0689, 0.4479]],\n",
       "         dtype=torch.float64, grad_fn=<StackBackward0>),\n",
       "  tensor([[0.0230, 0.0497, 0.0486, 0.0342, 0.1335, 0.1998, 0.1071, 0.4041],\n",
       "          [0.0842, 0.0714, 0.3302, 0.0183, 0.1346, 0.0589, 0.2762, 0.0262],\n",
       "          [0.4528, 0.2162, 0.0492, 0.1269, 0.0360, 0.0679, 0.0227, 0.0283],\n",
       "          [0.2295, 0.0806, 0.0823, 0.0904, 0.0587, 0.0560, 0.0715, 0.3310]],\n",
       "         dtype=torch.float64, grad_fn=<StackBackward0>),\n",
       "  tensor([[0.0156, 0.0692, 0.0386, 0.0415, 0.1199, 0.2407, 0.0845, 0.3899],\n",
       "          [0.1022, 0.0712, 0.2614, 0.0167, 0.0990, 0.0746, 0.3429, 0.0320],\n",
       "          [0.3791, 0.1592, 0.0715, 0.2070, 0.0698, 0.0661, 0.0274, 0.0198],\n",
       "          [0.2137, 0.0657, 0.1019, 0.0713, 0.0564, 0.0463, 0.1059, 0.3389]],\n",
       "         dtype=torch.float64, grad_fn=<StackBackward0>),\n",
       "  tensor([[0.0190, 0.0414, 0.0446, 0.0374, 0.0583, 0.2360, 0.0796, 0.4837],\n",
       "          [0.0669, 0.1162, 0.2781, 0.0205, 0.1756, 0.1210, 0.1941, 0.0277],\n",
       "          [0.3111, 0.3225, 0.0601, 0.1957, 0.0236, 0.0568, 0.0107, 0.0195],\n",
       "          [0.1911, 0.0824, 0.0772, 0.0316, 0.0457, 0.0699, 0.0678, 0.4343]],\n",
       "         dtype=torch.float64, grad_fn=<StackBackward0>),\n",
       "  tensor([[0.0296, 0.0342, 0.0512, 0.0486, 0.0492, 0.2354, 0.0803, 0.4713],\n",
       "          [0.0693, 0.1249, 0.2675, 0.0244, 0.1898, 0.1328, 0.1614, 0.0299],\n",
       "          [0.2948, 0.3336, 0.0540, 0.1963, 0.0188, 0.0713, 0.0090, 0.0221],\n",
       "          [0.1711, 0.0859, 0.0887, 0.0291, 0.0514, 0.0868, 0.0648, 0.4222]],\n",
       "         dtype=torch.float64, grad_fn=<StackBackward0>),\n",
       "  tensor([[0.0230, 0.0594, 0.0449, 0.0405, 0.1297, 0.1991, 0.0919, 0.4114],\n",
       "          [0.1031, 0.0800, 0.3137, 0.0217, 0.1211, 0.0614, 0.2628, 0.0362],\n",
       "          [0.4336, 0.2400, 0.0450, 0.1226, 0.0363, 0.0701, 0.0227, 0.0297],\n",
       "          [0.2170, 0.0895, 0.0946, 0.0698, 0.0656, 0.0652, 0.0769, 0.3213]],\n",
       "         dtype=torch.float64, grad_fn=<StackBackward0>),\n",
       "  tensor([[0.0333, 0.0279, 0.0575, 0.0417, 0.0702, 0.2357, 0.1508, 0.3830],\n",
       "          [0.0700, 0.0801, 0.3414, 0.0204, 0.2091, 0.0971, 0.1706, 0.0112],\n",
       "          [0.3609, 0.2385, 0.0618, 0.1989, 0.0274, 0.0774, 0.0115, 0.0237],\n",
       "          [0.1746, 0.0807, 0.0572, 0.0611, 0.0509, 0.1058, 0.0552, 0.4144]],\n",
       "         dtype=torch.float64, grad_fn=<StackBackward0>),\n",
       "  tensor([[0.0132, 0.0456, 0.0330, 0.0265, 0.1467, 0.2107, 0.0746, 0.4496],\n",
       "          [0.1039, 0.0579, 0.3214, 0.0123, 0.1108, 0.0438, 0.3208, 0.0290],\n",
       "          [0.5263, 0.2139, 0.0331, 0.0997, 0.0378, 0.0527, 0.0169, 0.0196],\n",
       "          [0.2297, 0.0781, 0.1028, 0.0747, 0.0661, 0.0515, 0.0857, 0.3113]],\n",
       "         dtype=torch.float64, grad_fn=<StackBackward0>),\n",
       "  tensor([[0.0264, 0.0497, 0.0546, 0.0463, 0.0847, 0.2889, 0.0910, 0.3584],\n",
       "          [0.0835, 0.1056, 0.3028, 0.0218, 0.1372, 0.0997, 0.2231, 0.0262],\n",
       "          [0.3794, 0.2096, 0.0764, 0.1786, 0.0526, 0.0624, 0.0182, 0.0228],\n",
       "          [0.1749, 0.0760, 0.1003, 0.0517, 0.0550, 0.0714, 0.0717, 0.3988]],\n",
       "         dtype=torch.float64, grad_fn=<StackBackward0>),\n",
       "  tensor([[0.0412, 0.0357, 0.0601, 0.0491, 0.0718, 0.2340, 0.1286, 0.3795],\n",
       "          [0.0850, 0.0988, 0.2852, 0.0279, 0.1898, 0.1136, 0.1798, 0.0198],\n",
       "          [0.3242, 0.2590, 0.0618, 0.2014, 0.0320, 0.0824, 0.0133, 0.0258],\n",
       "          [0.1731, 0.0950, 0.0787, 0.0536, 0.0586, 0.1070, 0.0615, 0.3725]],\n",
       "         dtype=torch.float64, grad_fn=<StackBackward0>),\n",
       "  tensor([[0.0173, 0.0661, 0.0363, 0.0439, 0.1178, 0.2538, 0.0870, 0.3779],\n",
       "          [0.0942, 0.0605, 0.2649, 0.0151, 0.1031, 0.0674, 0.3585, 0.0363],\n",
       "          [0.3779, 0.1807, 0.0686, 0.2130, 0.0598, 0.0564, 0.0255, 0.0180],\n",
       "          [0.2209, 0.0524, 0.0971, 0.0625, 0.0530, 0.0390, 0.1185, 0.3567]],\n",
       "         dtype=torch.float64, grad_fn=<StackBackward0>),\n",
       "  tensor([[0.0120, 0.0496, 0.0340, 0.0282, 0.1502, 0.2114, 0.0656, 0.4490],\n",
       "          [0.0993, 0.0559, 0.3357, 0.0107, 0.1071, 0.0402, 0.3220, 0.0292],\n",
       "          [0.5356, 0.1903, 0.0329, 0.1187, 0.0435, 0.0455, 0.0179, 0.0156],\n",
       "          [0.2106, 0.0728, 0.1079, 0.0737, 0.0585, 0.0431, 0.0855, 0.3480]],\n",
       "         dtype=torch.float64, grad_fn=<StackBackward0>)])"
      ]
     },
     "execution_count": 2,
     "metadata": {},
     "output_type": "execute_result"
    }
   ],
   "source": [
    "env = ChessPlaying(Plankton())\n",
    "env()"
   ]
  },
  {
   "cell_type": "code",
   "execution_count": null,
   "metadata": {
    "id": "EVaGf42sERUE"
   },
   "outputs": [],
   "source": [
    "num_param = lambda m: sum(p.numel() for p in m.parameters())\n",
    "\n",
    "def loss_func():...#log move\n",
    "\n",
    "def train(env, opt, game=1):\n",
    "    hist_loss = []\n",
    "\n",
    "    for _ in tqdm(range(game), \"Games\"):\n",
    "        white, black = env()\n",
    "        loss = loss_func(white, black)\n",
    "        \n",
    "        loss.backward()\n",
    "        opt.step()\n",
    "        opt.zero_grad()\n",
    "        hist_loss.append(loss.item())\n",
    "\n",
    "    return hist_loss\n",
    "\n",
    "@torch.no_grad()\n",
    "def test(model): pass"
   ]
  },
  {
   "cell_type": "code",
   "execution_count": null,
   "metadata": {
    "colab": {
     "base_uri": "https://localhost:8080/",
     "height": 0
    },
    "executionInfo": {
     "elapsed": 142009,
     "status": "ok",
     "timestamp": 1741421403273,
     "user": {
      "displayName": "Химер?!.",
      "userId": "02322030771681463897"
     },
     "user_tz": -180
    },
    "id": "XSVoTOAec4fN",
    "outputId": "a391a78e-87d6-49b5-9ad0-6e82b78e753d"
   },
   "outputs": [
    {
     "name": "stdout",
     "output_type": "stream",
     "text": [
      "Numerical parameters in the model: 7514\n",
      "Plankton(\n",
      "  (emb): Embedding(13, 2)\n",
      "  (brain): Sequential(\n",
      "    (0): Linear(in_features=69, out_features=32, bias=True)\n",
      "    (1): ReLU()\n",
      "    (2): Linear(in_features=32, out_features=32, bias=True)\n",
      "    (3): ReLU()\n",
      "    (4): Linear(in_features=32, out_features=64, bias=True)\n",
      "    (5): ReLU()\n",
      "  )\n",
      "  (from_x): Sequential(\n",
      "    (0): Linear(in_features=64, out_features=8, bias=True)\n",
      "    (1): LogSoftmax(dim=-1)\n",
      "  )\n",
      "  (from_y): Sequential(\n",
      "    (0): Linear(in_features=64, out_features=8, bias=True)\n",
      "    (1): LogSoftmax(dim=-1)\n",
      "  )\n",
      "  (to_x): Sequential(\n",
      "    (0): Linear(in_features=64, out_features=8, bias=True)\n",
      "    (1): LogSoftmax(dim=-1)\n",
      "  )\n",
      "  (to_y): Sequential(\n",
      "    (0): Linear(in_features=64, out_features=8, bias=True)\n",
      "    (1): LogSoftmax(dim=-1)\n",
      "  )\n",
      ")\n"
     ]
    }
   ],
   "source": [
    "plankton = Plankton()\n",
    "env = ChessPlaying(plankton, 128)\n",
    "opt = Adam(\n",
    "    plankton.parameters(),\n",
    "    lr=1e-4,\n",
    ")\n",
    "\n",
    "print(\"Numerical parameters in the model:\", num_param(plankton))\n",
    "print(plankton)"
   ]
  },
  {
   "cell_type": "code",
   "execution_count": null,
   "metadata": {
    "colab": {
     "base_uri": "https://localhost:8080/",
     "height": 519
    },
    "executionInfo": {
     "elapsed": 632162,
     "status": "ok",
     "timestamp": 1741422035405,
     "user": {
      "displayName": "Химер?!.",
      "userId": "02322030771681463897"
     },
     "user_tz": -180
    },
    "id": "zqJgPkFxEmeY",
    "outputId": "66febbe3-e55a-4e2e-8df8-5a2dd4b38087"
   },
   "outputs": [
    {
     "name": "stderr",
     "output_type": "stream",
     "text": [
      "Epoch: 100%|██████████| 100/100 [44:45<00:00, 26.85s/it]"
     ]
    },
    {
     "name": "stdout",
     "output_type": "stream",
     "text": [
      "End loss: 0.027511608911041863\n"
     ]
    },
    {
     "name": "stderr",
     "output_type": "stream",
     "text": [
      "\n"
     ]
    },
    {
     "data": {
